start at 20220815-202753
params:
{'Encode_method': None,
 'ErrorFrame': 500,
 'L': 16,
 'Ncarrier': 128,
 'Nifft': 128,
 'PathGain': array([1.  , 0.94, 0.88, 0.82, 0.76, 0.7 , 0.64, 0.58, 0.52, 0.46, 0.4 ,
       0.34, 0.28, 0.22, 0.16, 0.1 ]),
 'SNR': [-10, -7, -4, 0, 3, 6, 9, 12, 15, 18, 21],
 'Symbol_len': 128,
 'Symbol_num': 1,
 'matmul_method': 'MithralIDFTSplit16-ncodebooks16',
 'ncentroids': 256,
 'ncodebooks': 16,
 'qAry': 2}
matmul_method: Mithral

BER:
2.8474e-01 2.2416e-01 1.8053e-01 1.3629e-01 1.1983e-01 1.1009e-01 1.0615e-01 1.0231e-01 1.0293e-01 1.0153e-01 1.0724e-01

FER:
1.0000e+00 1.0000e+00 1.0000e+00 1.0000e+00 1.0000e+00 1.0000e+00 1.0000e+00 1.0000e+00 1.0000e+00 1.0000e+00 1.0000e+00

NMSE_dft:
3.4036e-01 3.3384e-01 3.0554e-01 2.9993e-01 3.0218e-01 3.0807e-01 3.0262e-01 3.0687e-01 3.1199e-01 2.9967e-01 3.0990e-01

NMSE_idft:
1.0767e-02 4.8341e-03 3.4708e-03 3.0570e-03 2.8070e-03 2.8563e-03 2.7659e-03 3.1780e-03 2.7957e-03 2.8742e-03 2.7297e-03

H_NMSE:
2.5353e-01 2.4092e-01 2.3345e-01 2.2983e-01 2.2968e-01 2.3107e-01 2.3145e-01 2.3252e-01 2.3176e-01 2.3083e-01 2.3235e-01

rawH_NMSE:
3.5354e-01 2.9220e-01 2.5924e-01 2.4222e-01 2.3585e-01 2.3436e-01 2.3371e-01 2.3352e-01 2.3210e-01 2.3099e-01 2.3253e-01
stop at 20220815-203304
