start at 20220815-200628
params:
{'Encode_method': None,
 'ErrorFrame': 500,
 'L': 16,
 'Ncarrier': 128,
 'Nifft': 128,
 'PathGain': array([1.  , 0.94, 0.88, 0.82, 0.76, 0.7 , 0.64, 0.58, 0.52, 0.46, 0.4 ,
       0.34, 0.28, 0.22, 0.16, 0.1 ]),
 'SNR': [-10, -7, -4, 0, 3, 6, 9, 12, 15, 18, 21],
 'Symbol_len': 128,
 'Symbol_num': 1,
 'matmul_method': 'MithralIDFTSplit2',
 'ncentroids': 256,
 'ncodebooks': 32,
 'qAry': 2}
matmul_method: Mithral

BER:
2.8637e-01 2.1087e-01 1.5449e-01 9.6594e-02 7.5516e-02 6.0625e-02 5.0719e-02 4.7867e-02 4.4977e-02 4.4961e-02 4.5140e-02

FER:
1.0000e+00 1.0000e+00 1.0000e+00 1.0000e+00 1.0000e+00 1.0000e+00 9.9800e-01 1.0000e+00 1.0000e+00 9.9602e-01 9.9602e-01

NMSE_dft:
1.0494e-01 9.8252e-02 9.6514e-02 9.5414e-02 9.5150e-02 9.4555e-02 9.7256e-02 9.5858e-02 9.6115e-02 9.5899e-02 9.5923e-02

NMSE_idft:
3.1341e-01 1.6466e-01 9.4394e-02 5.3396e-02 3.9707e-02 3.3206e-02 2.9259e-02 2.7526e-02 2.5836e-02 2.6247e-02 2.5924e-02

H_NMSE:
2.8543e-01 2.0501e-01 1.6068e-01 1.3094e-01 1.2126e-01 1.1570e-01 1.1412e-01 1.1081e-01 1.0809e-01 1.1003e-01 1.0938e-01

rawH_NMSE:
3.7352e-01 2.5550e-01 1.8870e-01 1.4296e-01 1.2748e-01 1.1890e-01 1.1595e-01 1.1151e-01 1.0858e-01 1.1007e-01 1.0942e-01
stop at 20220815-200946
