start at 20220814-131657
params:
{'Encode_method': None,
 'ErrorFrame': 500,
 'L': 16,
 'Ncarrier': 128,
 'Nifft': 128,
 'PathGain': array([1.  , 0.94, 0.88, 0.82, 0.76, 0.7 , 0.64, 0.58, 0.52, 0.46, 0.4 ,
       0.34, 0.28, 0.22, 0.16, 0.1 ]),
 'SNR': [-10, -7, -4, 0, 3, 6, 9, 12, 15, 18, 21],
 'Symbol_len': 128,
 'Symbol_num': 1,
 'matmul_method': 'MithralIDFTSplit4',
 'ncentroids': 256,
 'ncodebooks': 32,
 'qAry': 2}
matmul_method: Mithral

BER:
2.6970e-01 2.0505e-01 1.4578e-01 9.0313e-02 6.9789e-02 5.7190e-02 5.1055e-02 4.8518e-02 4.4068e-02 4.4430e-02 4.6182e-02

FER:
1.0000e+00 1.0000e+00 1.0000e+00 1.0000e+00 1.0000e+00 9.9800e-01 1.0000e+00 9.9206e-01 9.9800e-01 1.0000e+00 9.9602e-01

NMSE_dft:
1.1207e-01 1.0552e-01 1.0005e-01 9.7846e-02 9.9187e-02 9.7923e-02 9.9472e-02 9.8090e-02 9.6348e-02 9.6098e-02 9.7679e-02

NMSE_idft:
1.5818e-01 7.8717e-02 4.4871e-02 2.6333e-02 2.0911e-02 1.8497e-02 1.6983e-02 1.6819e-02 1.6288e-02 1.6101e-02 1.5743e-02

H_NMSE:
1.8212e-01 1.4247e-01 1.2019e-01 1.0818e-01 1.0335e-01 1.0207e-01 1.0191e-01 1.0063e-01 9.9204e-02 9.9076e-02 9.9782e-02

rawH_NMSE:
2.7065e-01 1.9503e-01 1.5143e-01 1.2126e-01 1.0992e-01 1.0619e-01 1.0362e-01 1.0157e-01 9.9592e-02 9.9299e-02 9.9896e-02
stop at 20220814-132130
