start at 20220815-201044
params:
{'Encode_method': None,
 'ErrorFrame': 500,
 'L': 16,
 'Ncarrier': 128,
 'Nifft': 128,
 'PathGain': array([1.  , 0.94, 0.88, 0.82, 0.76, 0.7 , 0.64, 0.58, 0.52, 0.46, 0.4 ,
       0.34, 0.28, 0.22, 0.16, 0.1 ]),
 'SNR': [-10, -7, -4, 0, 3, 6, 9, 12, 15, 18, 21],
 'Symbol_len': 128,
 'Symbol_num': 1,
 'matmul_method': 'MithralIDFTSplit8',
 'ncentroids': 256,
 'ncodebooks': 32,
 'qAry': 2}
matmul_method: Mithral

BER:
2.6301e-01 1.9308e-01 1.4010e-01 8.8383e-02 6.6883e-02 5.4234e-02 4.8406e-02 4.4824e-02 4.3085e-02 4.0873e-02 4.1599e-02

FER:
1.0000e+00 1.0000e+00 1.0000e+00 1.0000e+00 1.0000e+00 1.0000e+00 1.0000e+00 9.9800e-01 9.9404e-01 9.9010e-01 9.9602e-01

NMSE_dft:
1.1667e-01 1.0445e-01 9.7684e-02 9.9261e-02 9.6583e-02 9.5207e-02 9.9460e-02 9.6942e-02 9.5969e-02 9.4329e-02 9.6097e-02

NMSE_idft:
1.1723e-02 5.4240e-03 3.8525e-03 3.0258e-03 3.0142e-03 2.7386e-03 2.9230e-03 2.7727e-03 2.9375e-03 2.8273e-03 2.8127e-03

H_NMSE:
1.1035e-01 9.7215e-02 9.1231e-02 9.0622e-02 8.8729e-02 8.8783e-02 9.1009e-02 9.0052e-02 8.8852e-02 8.8159e-02 8.9440e-02

rawH_NMSE:
2.2861e-01 1.6538e-01 1.2727e-01 1.0718e-01 9.7172e-02 9.3411e-02 9.3349e-02 9.1450e-02 8.9563e-02 8.8411e-02 8.9590e-02
stop at 20220815-201543
