start at 20220812-205628
params:
{'Encode_method': None,
 'ErrorFrame': 500,
 'L': 16,
 'Ncarrier': 128,
 'Nifft': 128,
 'PathGain': array([1.  , 0.94, 0.88, 0.82, 0.76, 0.7 , 0.64, 0.58, 0.52, 0.46, 0.4 ,
       0.34, 0.28, 0.22, 0.16, 0.1 ]),
 'SNR': [-10, -7, -4, 0, 3, 6, 9, 12, 15, 18, 21],
 'Symbol_len': 128,
 'Symbol_num': 1,
 'matmul_method': 'ScalarQuantize-7bit',
 'ncentroids': 256,
 'ncodebooks': 32,
 'qAry': 2}
matmul_method: ScalarQuantize

BER:
2.5059e-01 1.8033e-01 1.1353e-01 5.8070e-02 3.0287e-02 1.6944e-02 8.8232e-03 4.5250e-03 2.6209e-03 1.5718e-03 1.0856e-03

FER:
1.0000e+00 1.0000e+00 1.0000e+00 1.0000e+00 9.8619e-01 9.3284e-01 7.9365e-01 6.0459e-01 4.2735e-01 2.8297e-01 2.0525e-01

NMSE_dft:
6.4602e-04 6.7495e-04 6.8055e-04 6.8397e-04 6.8830e-04 6.7962e-04 6.9492e-04 6.8984e-04 6.9832e-04 6.9075e-04 6.8736e-04

NMSE_idft:
1.0592e-03 8.3230e-04 6.8432e-04 5.9707e-04 5.3397e-04 5.1019e-04 5.0177e-04 4.8963e-04 4.8531e-04 4.8704e-04 4.8201e-04

H_NMSE:
1.9809e-03 1.7514e-03 1.6109e-03 1.5367e-03 1.4567e-03 1.4206e-03 1.4241e-03 1.4024e-03 1.4037e-03 1.4008e-03 1.3911e-03

rawH_NMSE:
1.8514e-01 9.3584e-02 4.7756e-02 2.0776e-02 1.0750e-02 6.1192e-03 3.7519e-03 2.5586e-03 1.9963e-03 1.6972e-03 1.5389e-03
stop at 20220812-205837
