start at 20220812-210019
params:
{'Encode_method': None,
 'ErrorFrame': 500,
 'L': 16,
 'Ncarrier': 128,
 'Nifft': 128,
 'PathGain': array([1.  , 0.94, 0.88, 0.82, 0.76, 0.7 , 0.64, 0.58, 0.52, 0.46, 0.4 ,
       0.34, 0.28, 0.22, 0.16, 0.1 ]),
 'SNR': [-10, -7, -4, 0, 3, 6, 9, 12, 15, 18, 21],
 'Symbol_len': 128,
 'Symbol_num': 1,
 'matmul_method': 'Exact',
 'ncentroids': 256,
 'ncodebooks': 32,
 'qAry': 2}
matmul_method: Exact

BER:
2.4939e-01 1.7830e-01 1.1481e-01 5.5483e-02 3.0715e-02 1.5275e-02 8.2179e-03 4.0555e-03 2.0916e-03 9.3792e-04 4.9497e-04

FER:
1.0000e+00 1.0000e+00 1.0000e+00 9.9800e-01 9.9206e-01 9.3458e-01 7.8616e-01 5.6180e-01 3.6179e-01 1.9026e-01 1.0702e-01

NMSE_dft:
0.0000e+00 0.0000e+00 0.0000e+00 0.0000e+00 0.0000e+00 0.0000e+00 0.0000e+00 0.0000e+00 0.0000e+00 0.0000e+00 0.0000e+00

NMSE_idft:
0.0000e+00 0.0000e+00 0.0000e+00 0.0000e+00 0.0000e+00 0.0000e+00 0.0000e+00 0.0000e+00 0.0000e+00 0.0000e+00 0.0000e+00

H_NMSE:
0.0000e+00 0.0000e+00 0.0000e+00 0.0000e+00 0.0000e+00 0.0000e+00 0.0000e+00 0.0000e+00 0.0000e+00 0.0000e+00 0.0000e+00

rawH_NMSE:
1.9508e-01 9.7078e-02 4.8158e-02 1.9135e-02 9.6158e-03 4.7463e-03 2.4218e-03 1.2181e-03 6.1109e-04 3.0273e-04 1.5134e-04
stop at 20220812-210247
