start at 20220706-142959
params:
{'Encode_method': None,
 'ErrorFrame': 500,
 'L': 16,
 'Ncarrier': 128,
 'Nifft': 128,
 'PathGain': array([1.  , 0.94, 0.88, 0.82, 0.76, 0.7 , 0.64, 0.58, 0.52, 0.46, 0.4 ,
       0.34, 0.28, 0.22, 0.16, 0.1 ]),
 'SNR': [0, 3, 6, 9, 12, 15, 18, 21],
 'Symbol_len': 128,
 'Symbol_num': 1,
 'matmul_method': 'Bolt',
 'ncodebooks': 32,
 'qAry': 2}
matmul_method: Bolt

BER:
9.6680e-02 7.4531e-02 6.2727e-02 5.6376e-02 5.3083e-02 4.9381e-02 5.0015e-02 5.1190e-02

FER:
1.0000e+00 1.0000e+00 1.0000e+00 9.9602e-01 9.9206e-01 9.9602e-01 9.9010e-01 9.8814e-01

NMSE_dft:
7.1208e-02 6.9764e-02 6.9864e-02 7.0020e-02 6.9788e-02 7.0317e-02 6.9272e-02 6.9886e-02

NMSE_idft:
1.2978e-01 1.1965e-01 1.1918e-01 1.1866e-01 1.1884e-01 1.1523e-01 1.1756e-01 1.1831e-01

H_NMSE:
1.4185e-01 1.3687e-01 1.3573e-01 1.3620e-01 1.3422e-01 1.3381e-01 1.3617e-01 1.3527e-01
stop at 20220706-143412
