start at 20220814-140849
params:
{'Encode_method': None,
 'ErrorFrame': 500,
 'L': 16,
 'Ncarrier': 128,
 'Nifft': 128,
 'PathGain': array([1.  , 0.94, 0.88, 0.82, 0.76, 0.7 , 0.64, 0.58, 0.52, 0.46, 0.4 ,
       0.34, 0.28, 0.22, 0.16, 0.1 ]),
 'SNR': [-10, -7, -4, 0, 3, 6, 9, 12, 15, 18, 21],
 'Symbol_len': 128,
 'Symbol_num': 1,
 'matmul_method': 'MithralIDFTSplit16-ncodebooks8',
 'ncentroids': 256,
 'ncodebooks': 8,
 'qAry': 2}
matmul_method: Mithral

BER:
3.2489e-01 2.8462e-01 2.4934e-01 2.2085e-01 2.0561e-01 2.0090e-01 1.9427e-01 2.0185e-01 1.9603e-01 2.0557e-01 2.3350e-01

FER:
1.0000e+00 1.0000e+00 1.0000e+00 1.0000e+00 1.0000e+00 1.0000e+00 1.0000e+00 1.0000e+00 1.0000e+00 1.0000e+00 1.0000e+00

NMSE_dft:
7.0015e-01 7.1813e-01 7.2440e-01 7.1646e-01 7.0271e-01 7.2267e-01 7.1616e-01 7.1358e-01 7.0966e-01 7.2054e-01 7.1579e-01

NMSE_idft:
2.4206e-01 1.4129e-01 9.1383e-02 6.1985e-02 5.2897e-02 4.8384e-02 4.7319e-02 4.5534e-02 4.5480e-02 4.3566e-02 4.4665e-02

H_NMSE:
5.2367e-01 5.0315e-01 4.9148e-01 4.7563e-01 4.7672e-01 4.6924e-01 4.6732e-01 4.7418e-01 4.7002e-01 4.8001e-01 4.7372e-01

rawH_NMSE:
5.7922e-01 5.3289e-01 5.1023e-01 4.8311e-01 4.8022e-01 4.7089e-01 4.6802e-01 4.7491e-01 4.7011e-01 4.8022e-01 4.7370e-01
stop at 20220814-141309
