start at 20220904-204834
params:
{'Encode_method': None,
 'ErrorFrame': 500,
 'L': 16,
 'Ncarrier': 128,
 'Nifft': 128,
 'PathGain': array([1.  , 0.94, 0.88, 0.82, 0.76, 0.7 , 0.64, 0.58, 0.52, 0.46, 0.4 ,
       0.34, 0.28, 0.22, 0.16, 0.1 ]),
 'SNR': [-10, -7, -4, 0, 3, 6, 9, 12, 15, 18, 21],
 'Symbol_len': 128,
 'Symbol_num': 1,
 'matmul_method': 'PQ-4096-exact dft',
 'ncentroids': 4096,
 'ncodebooks': 32,
 'qAry': 2}
matmul_method: PQ

BER:
2.5275e-01 1.8036e-01 1.1972e-01 5.9531e-02 3.3864e-02 2.0313e-02 1.1772e-02 7.9839e-03 5.6031e-03 4.5938e-03 4.1952e-03

FER:
1.0000e+00 1.0000e+00 1.0000e+00 1.0000e+00 9.9010e-01 9.7087e-01 8.5616e-01 7.5643e-01 6.3694e-01 5.5006e-01 4.8031e-01

NMSE_dft:
6.9606e-32 6.8567e-32 6.9862e-32 6.9943e-32 7.0325e-32 7.0342e-32 6.9554e-32 7.0820e-32 7.0741e-32 7.1312e-32 7.0231e-32

NMSE_idft:
3.5723e-02 2.3042e-02 1.6647e-02 1.2290e-02 1.0985e-02 1.0166e-02 9.6792e-03 9.5217e-03 9.3643e-03 9.3008e-03 9.1594e-03

H_NMSE:
3.0583e-02 2.0728e-02 1.5402e-02 1.1484e-02 1.0265e-02 9.6314e-03 9.1802e-03 9.0388e-03 8.8796e-03 8.8225e-03 8.6930e-03

rawH_NMSE:
1.8050e-01 1.0083e-01 5.7525e-02 2.8955e-02 1.8911e-02 1.4406e-02 1.1423e-02 1.0209e-02 9.4526e-03 9.1452e-03 8.8256e-03
stop at 20220904-210221
