start at 20220905-154830
params:
{'Encode_method': None,
 'ErrorFrame': 500,
 'L': 16,
 'Ncarrier': 128,
 'Nifft': 128,
 'PathGain': array([1.  , 0.94, 0.88, 0.82, 0.76, 0.7 , 0.64, 0.58, 0.52, 0.46, 0.4 ,
       0.34, 0.28, 0.22, 0.16, 0.1 ]),
 'SNR': [-10, -7, -4, 0, 3, 6, 9, 12, 15, 18, 21],
 'Symbol_len': 128,
 'Symbol_num': 1,
 'matmul_method': 'PQ',
 'ncentroids': 4096,
 'ncodebooks': 32,
 'qAry': 2}
matmul_method: PQ

BER:
2.4966e-01 1.7950e-01 1.1602e-01 6.8883e-02 4.1563e-02 2.6569e-02 1.9516e-02 1.4791e-02 1.3557e-02 1.2326e-02 1.1719e-02

FER:
1.0000e+00 1.0000e+00 1.0000e+00 1.0000e+00 1.0000e+00 9.7276e-01 9.4518e-01 9.1241e-01 8.6806e-01 8.2645e-01 8.5763e-01

NMSE_dft:
2.6624e-02 2.1178e-02 1.7358e-02 1.6428e-02 1.5808e-02 1.5505e-02 1.5760e-02 1.5586e-02 1.5944e-02 1.5888e-02 1.5762e-02

NMSE_idft:
3.5334e-02 2.2917e-02 1.6086e-02 1.2463e-02 1.0834e-02 9.8766e-03 9.6306e-03 9.2609e-03 9.1687e-03 9.2796e-03 9.0799e-03

H_NMSE:
5.6183e-02 4.0857e-02 3.1733e-02 2.8602e-02 2.7290e-02 2.6065e-02 2.6576e-02 2.6101e-02 2.6370e-02 2.6499e-02 2.6334e-02

rawH_NMSE:
1.7378e-01 1.0509e-01 6.5337e-02 4.4562e-02 3.5530e-02 3.0317e-02 2.8682e-02 2.7135e-02 2.6961e-02 2.6812e-02 2.6455e-02
stop at 20220905-162830
