start at 20221013-184103
params:
{'Encode_method': None,
 'ErrorFrame': 20,
 'L': 16,
 'Ncarrier': 128,
 'Nifft': 128,
 'PathGain': array([1.  , 0.94, 0.88, 0.82, 0.76, 0.7 , 0.64, 0.58, 0.52, 0.46, 0.4 ,
       0.34, 0.28, 0.22, 0.16, 0.1 ]),
 'SNR': array([-20. , -17.5, -15. , -12.5, -10. ,  -7.5,  -5. ,  -2.5,   0. ,
         2.5,   5. ,   7.5,  10. ]),
 'Symbol_len': 128,
 'Symbol_num': 1,
 'TestFrame': 2000,
 'ldpc_rate': 0.5,
 'matmul_method': 'MAD-LDPC-IDFT(K=16,C=32)',
 'ncentroids': 16,
 'ncodebooks': 32,
 'qAry': 2}
matmul_method: Mithral

BER:
2.4137e-01 2.3479e-01 2.2512e-01 2.0415e-01 1.7619e-01 1.5173e-01 1.0938e-01 2.6237e-02 5.4912e-03 1.1624e-03 3.7323e-04 1.2702e-04 1.2702e-04

FER:
1.0526e+00 1.0526e+00 1.0526e+00 1.0526e+00 1.0526e+00 1.0526e+00 1.0526e+00 3.3333e-01 5.2356e-02 1.3405e-02 3.0015e-03 1.0005e-03 1.0005e-03

NMSE_dft:
5.5792e-32 5.9283e-32 5.8805e-32 6.2640e-32 6.1419e-32 5.6436e-32 5.8731e-32 5.9204e-32 5.7442e-32 5.7264e-32 5.7591e-32 5.7712e-32 5.7083e-32

NMSE_idft:
2.7011e+00 2.0354e+00 1.2907e+00 8.4333e-01 4.5766e-01 3.6810e-01 2.1267e-01 1.5467e-01 1.2875e-01 1.0970e-01 9.4428e-02 8.8350e-02 8.4051e-02

H_NMSE:
7.2008e-01 6.9608e-01 5.7779e-01 4.3445e-01 3.1545e-01 2.8230e-01 1.8798e-01 1.3903e-01 1.1693e-01 1.0004e-01 8.7347e-02 8.0490e-02 7.6757e-02

rawH_NMSE:
1.1076e+00 9.7057e-01 7.6389e-01 5.2050e-01 3.7678e-01 3.3716e-01 2.2460e-01 1.5799e-01 1.2651e-01 1.0595e-01 9.0612e-02 8.2403e-02 7.7834e-02
stop at 20221013-201143
