start at 20221023-111552
params:
{'Encode_method': None,
 'ErrorFrame': 20,
 'L': 16,
 'Ncarrier': 128,
 'Nifft': 128,
 'PathGain': array([1.  , 0.94, 0.88, 0.82, 0.76, 0.7 , 0.64, 0.58, 0.52, 0.46, 0.4 ,
       0.34, 0.28, 0.22, 0.16, 0.1 ]),
 'SNR': array([-20. , -17.5, -15. , -12.5, -10. ,  -7.5,  -5. ,  -2.5,   0. ,
         2.5,   5. ,   7.5,  10. ]),
 'Symbol_len': 128,
 'Symbol_num': 1,
 'TestFrame': 5000,
 'ldpc_rate': 0.5,
 'matmul_method': 'MAD-LDPC-IDFT(K=16,C=32)-Train@0dB',
 'ncentroids': 16,
 'ncodebooks': 32,
 'qAry': 2}
matmul_method: Mithral

BER:
2.3910e-01 2.4342e-01 2.2286e-01 2.1135e-01 1.8318e-01 1.4741e-01 7.7753e-02 3.5077e-02 5.3697e-03 9.5513e-04 4.5634e-04 6.7982e-05 4.3759e-05

FER:
1.0526e+00 1.0526e+00 1.0526e+00 1.0526e+00 1.0526e+00 1.0526e+00 9.5238e-01 4.0816e-01 5.8997e-02 1.0209e-02 3.6007e-03 6.0012e-04 4.0008e-04

NMSE_dft:
5.8975e-32 5.8209e-32 5.5378e-32 6.1474e-32 5.8120e-32 6.2282e-32 5.7146e-32 5.8825e-32 5.7115e-32 5.6805e-32 5.6922e-32 5.6884e-32 5.7003e-32

NMSE_idft:
3.1105e+00 1.8473e+00 1.2804e+00 7.9269e-01 5.6760e-01 3.1280e-01 2.3738e-01 1.5762e-01 1.2395e-01 1.0804e-01 9.6219e-02 8.9405e-02 8.5981e-02

H_NMSE:
6.8021e-01 6.4572e-01 5.7274e-01 4.1569e-01 3.6024e-01 2.4170e-01 1.8682e-01 1.4233e-01 1.1329e-01 9.9490e-02 8.8861e-02 8.1985e-02 7.9179e-02

rawH_NMSE:
9.6281e-01 9.2531e-01 7.6731e-01 5.1232e-01 4.5093e-01 2.7812e-01 2.0944e-01 1.6047e-01 1.2262e-01 1.0510e-01 9.2369e-02 8.3894e-02 8.0240e-02
stop at 20221023-144542
