start at 20221019-154138
params:
{'Encode_method': None,
 'ErrorFrame': 20,
 'L': 16,
 'Ncarrier': 128,
 'Nifft': 128,
 'PathGain': array([1.  , 0.94, 0.88, 0.82, 0.76, 0.7 , 0.64, 0.58, 0.52, 0.46, 0.4 ,
       0.34, 0.28, 0.22, 0.16, 0.1 ]),
 'SNR': array([-20. , -17.5, -15. , -12.5, -10. ,  -7.5,  -5. ,  -2.5,   0. ,
         2.5,   5. ,   7.5,  10. ]),
 'Symbol_len': 128,
 'Symbol_num': 1,
 'TestFrame': 5000,
 'ldpc_rate': 0.5,
 'matmul_method': 'MAD-LDPC-IDFT(K=16,C=64)',
 'ncentroids': 16,
 'ncodebooks': 64,
 'qAry': 2}
matmul_method: Mithral

BER:
2.5699e-01 2.4342e-01 2.1135e-01 2.0230e-01 1.8113e-01 1.2664e-01 8.0000e-02 1.3473e-02 1.3839e-03 4.5322e-05 0.0000e+00 0.0000e+00 0.0000e+00

FER:
1.0526e+00 1.0526e+00 1.0526e+00 1.0526e+00 1.0526e+00 1.0526e+00 8.0000e-01 2.0408e-01 1.5711e-02 8.0016e-04 0.0000e+00 0.0000e+00 0.0000e+00

NMSE_dft:
4.9500e-32 5.2022e-32 5.3505e-32 5.5578e-32 5.5286e-32 5.2920e-32 5.6442e-32 5.4903e-32 5.5816e-32 5.6043e-32 5.5894e-32 5.6050e-32 5.5879e-32

NMSE_idft:
1.8398e+00 1.4486e+00 7.4137e-01 5.1694e-01 2.7633e-01 1.8263e-01 1.1366e-01 6.7708e-02 4.8492e-02 3.7946e-02 3.1938e-02 2.8640e-02 2.6843e-02

H_NMSE:
6.1988e-01 5.7030e-01 4.2031e-01 3.4887e-01 2.3171e-01 1.5497e-01 1.0484e-01 6.6726e-02 4.8156e-02 3.7548e-02 3.1251e-02 2.7791e-02 2.5785e-02

rawH_NMSE:
1.1269e+00 8.3957e-01 6.4179e-01 4.7745e-01 3.2042e-01 1.9361e-01 1.3945e-01 8.7198e-02 5.8615e-02 4.3709e-02 3.4775e-02 2.9760e-02 2.6885e-02
stop at 20221019-201932
