start at 20221019-122834
params:
{'Encode_method': None,
 'ErrorFrame': 20,
 'L': 16,
 'Ncarrier': 128,
 'Nifft': 128,
 'PathGain': array([1.  , 0.94, 0.88, 0.82, 0.76, 0.7 , 0.64, 0.58, 0.52, 0.46, 0.4 ,
       0.34, 0.28, 0.22, 0.16, 0.1 ]),
 'SNR': array([-20. , -17.5, -15. , -12.5, -10. ,  -7.5,  -5. ,  -2.5,   0. ,
         2.5,   5. ,   7.5,  10. ]),
 'Symbol_len': 128,
 'Symbol_num': 1,
 'TestFrame': 5000,
 'ldpc_rate': 0.5,
 'matmul_method': 'PQ-LDPC-IDFT(K=16,C=64)',
 'ncentroids': 16,
 'ncodebooks': 64,
 'qAry': 2}
matmul_method: PQ

BER:
2.3725e-01 2.2553e-01 2.0559e-01 1.8750e-01 1.5111e-01 1.2377e-01 6.7888e-02 1.3105e-02 4.8488e-04 1.2503e-05 0.0000e+00 0.0000e+00 0.0000e+00

FER:
1.0526e+00 1.0526e+00 1.0526e+00 1.0526e+00 1.0526e+00 1.0526e+00 6.8966e-01 1.6129e-01 9.2980e-03 4.0008e-04 0.0000e+00 0.0000e+00 0.0000e+00

NMSE_dft:
5.8612e-32 6.0283e-32 6.1402e-32 5.9557e-32 6.4078e-32 6.1361e-32 5.3860e-32 5.9609e-32 5.7684e-32 5.7561e-32 5.7490e-32 5.7446e-32 5.7457e-32

NMSE_idft:
6.7966e-01 2.8165e-01 1.8148e-01 1.2453e-01 7.0999e-02 5.4633e-02 4.9511e-02 4.2200e-02 3.8744e-02 3.6901e-02 3.6147e-02 3.5886e-02 3.4959e-02

H_NMSE:
3.5452e-01 2.2554e-01 1.6363e-01 1.1974e-01 7.6258e-02 6.0637e-02 5.1828e-02 4.1294e-02 3.5826e-02 3.2946e-02 3.1435e-02 3.0715e-02 2.9807e-02

rawH_NMSE:
7.5764e-01 6.1784e-01 3.8184e-01 2.3962e-01 1.7854e-01 1.1727e-01 7.9054e-02 5.6760e-02 4.5065e-02 3.8129e-02 3.4254e-02 3.2374e-02 3.0729e-02
stop at 20221019-165543
