start at 20221023-145251
params:
{'Encode_method': None,
 'ErrorFrame': 20,
 'L': 16,
 'Ncarrier': 128,
 'Nifft': 128,
 'PathGain': array([1.  , 0.94, 0.88, 0.82, 0.76, 0.7 , 0.64, 0.58, 0.52, 0.46, 0.4 ,
       0.34, 0.28, 0.22, 0.16, 0.1 ]),
 'SNR': array([-20. , -17.5, -15. , -12.5, -10. ,  -7.5,  -5. ,  -2.5,   0. ,
         2.5,   5. ,   7.5,  10. ]),
 'Symbol_len': 128,
 'Symbol_num': 1,
 'TestFrame': 5000,
 'ldpc_rate': 0.5,
 'matmul_method': 'MAD-LDPC-IDFT(K=16,C=64)-Train@0dB',
 'ncentroids': 16,
 'ncodebooks': 64,
 'qAry': 2}
matmul_method: Mithral

BER:
2.4692e-01 2.3849e-01 2.2019e-01 1.9696e-01 1.6447e-01 1.3734e-01 7.9823e-02 1.2952e-02 1.0276e-03 9.7676e-05 0.0000e+00 0.0000e+00 0.0000e+00

FER:
1.0526e+00 1.0526e+00 1.0526e+00 1.0526e+00 1.0526e+00 1.0526e+00 8.6957e-01 1.7544e-01 1.0672e-02 1.2002e-03 0.0000e+00 0.0000e+00 0.0000e+00

NMSE_dft:
5.5649e-32 5.6380e-32 5.9304e-32 5.7001e-32 6.0576e-32 5.6701e-32 5.9901e-32 5.6384e-32 5.6916e-32 5.7079e-32 5.7168e-32 5.6814e-32 5.6952e-32

NMSE_idft:
2.9219e+00 1.4963e+00 9.0225e-01 4.5912e-01 2.4732e-01 1.5385e-01 9.0220e-02 6.8101e-02 4.8944e-02 4.1641e-02 3.7996e-02 3.6420e-02 3.5151e-02

H_NMSE:
5.8848e-01 4.7881e-01 3.6027e-01 2.7667e-01 1.8089e-01 1.2387e-01 8.6235e-02 6.5291e-02 4.9322e-02 4.2334e-02 3.8740e-02 3.6988e-02 3.5747e-02

rawH_NMSE:
8.5909e-01 6.9426e-01 4.7547e-01 3.8772e-01 2.4788e-01 1.6435e-01 1.1661e-01 8.5499e-02 5.9868e-02 4.8833e-02 4.2425e-02 3.9207e-02 3.6884e-02
stop at 20221023-191303
