start at 20221023-161910
params:
{'Encode_method': None,
 'ErrorFrame': 20,
 'L': 16,
 'Ncarrier': 128,
 'Nifft': 128,
 'PathGain': array([1.  , 0.94, 0.88, 0.82, 0.76, 0.7 , 0.64, 0.58, 0.52, 0.46, 0.4 ,
       0.34, 0.28, 0.22, 0.16, 0.1 ]),
 'SNR': array([-20. , -17.5, -15. , -12.5, -10. ,  -7.5,  -5. ,  -2.5,   0. ,
         2.5,   5. ,   7.5,  10. ]),
 'Symbol_len': 128,
 'Symbol_num': 1,
 'TestFrame': 5000,
 'ldpc_rate': 0.5,
 'matmul_method': 'PQ-LDPC-IDFT(K=16,C=64)-Train@0dB',
 'ncentroids': 16,
 'ncodebooks': 64,
 'qAry': 2}
matmul_method: PQ

BER:
2.4075e-01 2.4034e-01 2.1217e-01 1.7989e-01 1.6591e-01 1.1986e-01 6.2350e-02 9.9013e-03 5.1491e-04 2.5786e-05 2.3442e-05 0.0000e+00 0.0000e+00

FER:
1.0526e+00 1.0526e+00 1.0526e+00 1.0526e+00 1.0526e+00 1.0526e+00 7.6923e-01 1.3889e-01 6.6912e-03 4.0008e-04 2.0004e-04 0.0000e+00 0.0000e+00

NMSE_dft:
5.7234e-32 6.0868e-32 5.9124e-32 5.7291e-32 5.8620e-32 6.1133e-32 5.6869e-32 5.6432e-32 5.5856e-32 5.5710e-32 5.5935e-32 5.6175e-32 5.6063e-32

NMSE_idft:
5.9798e-01 3.0083e-01 1.9045e-01 1.1858e-01 8.0157e-02 5.8107e-02 5.4320e-02 4.0393e-02 3.7471e-02 3.6020e-02 3.5349e-02 3.4405e-02 3.3935e-02

H_NMSE:
3.0896e-01 2.3919e-01 1.7806e-01 1.2901e-01 9.3634e-02 6.3093e-02 5.5953e-02 3.9999e-02 3.5053e-02 3.2542e-02 3.1127e-02 2.9987e-02 2.9343e-02

rawH_NMSE:
9.2483e-01 5.3892e-01 3.8681e-01 2.5766e-01 1.6843e-01 1.0797e-01 7.7442e-02 5.7755e-02 4.4239e-02 3.7887e-02 3.4225e-02 3.1674e-02 3.0348e-02
stop at 20221023-212017
