start at 20221013-095357
params:
{'Encode_method': None,
 'ErrorFrame': 20,
 'L': 16,
 'Ncarrier': 128,
 'Nifft': 128,
 'PathGain': array([1.  , 0.94, 0.88, 0.82, 0.76, 0.7 , 0.64, 0.58, 0.52, 0.46, 0.4 ,
       0.34, 0.28, 0.22, 0.16, 0.1 ]),
 'SNR': array([-20. , -17.5, -15. , -12.5, -10. ,  -7.5,  -5. ,  -2.5,   0. ,
         2.5,   5. ,   7.5,  10. ]),
 'Symbol_len': 128,
 'Symbol_num': 1,
 'TestFrame': 2000,
 'ldpc_rate': 0.5,
 'matmul_method': 'MAD-LDPC-IDFT(K=16,C=256)',
 'ncentroids': 16,
 'ncodebooks': 256,
 'qAry': 2}
matmul_method: Mithral

BER:
2.4137e-01 2.3602e-01 2.1916e-01 1.9161e-01 1.5851e-01 1.0342e-01 5.4557e-02 5.0781e-03 2.2472e-04 0.0000e+00 0.0000e+00 0.0000e+00 0.0000e+00

FER:
1.0526e+00 1.0526e+00 1.0526e+00 1.0526e+00 1.0526e+00 9.5238e-01 6.6667e-01 9.0909e-02 2.5013e-03 0.0000e+00 0.0000e+00 0.0000e+00 0.0000e+00

NMSE_dft:
5.4066e-32 5.7173e-32 5.5947e-32 6.0120e-32 5.7240e-32 6.0583e-32 5.8586e-32 5.7121e-32 5.6734e-32 5.6220e-32 5.6854e-32 5.6148e-32 5.6561e-32

NMSE_idft:
7.1467e-01 2.3599e-01 8.7122e-02 3.1103e-02 8.8625e-03 5.0226e-03 3.7713e-03 3.0422e-03 2.7222e-03 2.5899e-03 2.6011e-03 2.4484e-03 2.4980e-03

H_NMSE:
3.4061e-01 2.2334e-01 1.1444e-01 8.5049e-02 3.3486e-02 2.7421e-02 1.4763e-02 9.2621e-03 6.4632e-03 4.5975e-03 3.7011e-03 3.0303e-03 2.7729e-03

rawH_NMSE:
8.7783e-01 6.2093e-01 3.5939e-01 2.3681e-01 1.5143e-01 9.9703e-02 5.3119e-02 2.9322e-02 1.7948e-02 1.1201e-02 7.3892e-03 5.0857e-03 3.9500e-03
stop at 20221013-120502
