start at 20220919-182330
params:
{'Encode_method': None,
 'ErrorFrame': 500,
 'L': 16,
 'Ncarrier': 128,
 'Nifft': 128,
 'PathGain': array([1.  , 0.94, 0.88, 0.82, 0.76, 0.7 , 0.64, 0.58, 0.52, 0.46, 0.4 ,
       0.34, 0.28, 0.22, 0.16, 0.1 ]),
 'SNR': [-10, -7, -4, 0, 3, 6, 9, 12, 15, 18, 21],
 'Symbol_len': 128,
 'Symbol_num': 1,
 'matmul_method': 'Mithral-nct16-ncd32-ExactDFT',
 'ncentroids': 4096,
 'ncodebooks': 32,
 'qAry': 2}
matmul_method: Mithral

BER:
2.8508e-01 2.1527e-01 1.5148e-01 8.6500e-02 5.8065e-02 4.1984e-02 3.0421e-02 2.6656e-02 2.4916e-02 2.2838e-02 2.2053e-02

FER:
1.0000e+00 1.0000e+00 1.0000e+00 1.0000e+00 9.9602e-01 9.9206e-01 9.9206e-01 9.6712e-01 9.5602e-01 9.4697e-01 9.5785e-01

NMSE_dft:
5.6357e-32 5.7184e-32 5.7111e-32 5.6793e-32 5.8214e-32 5.7650e-32 5.8666e-32 5.8470e-32 5.7006e-32 5.7886e-32 5.6524e-32

NMSE_idft:
4.7332e-01 2.8998e-01 1.9014e-01 1.2597e-01 1.0413e-01 9.1048e-02 8.3232e-02 8.0603e-02 7.7711e-02 7.9437e-02 8.0309e-02

H_NMSE:
3.1873e-01 2.2763e-01 1.6645e-01 1.1631e-01 9.4951e-02 8.3728e-02 7.6805e-02 7.2727e-02 7.1834e-02 7.2126e-02 7.2167e-02

rawH_NMSE:
3.8792e-01 2.6940e-01 1.9118e-01 1.2566e-01 1.0044e-01 8.6588e-02 7.8043e-02 7.3191e-02 7.2079e-02 7.2297e-02 7.2229e-02
stop at 20220919-182500
