start at 20220919-180937
params:
{'Encode_method': None,
 'ErrorFrame': 500,
 'L': 16,
 'Ncarrier': 128,
 'Nifft': 128,
 'PathGain': array([1.  , 0.94, 0.88, 0.82, 0.76, 0.7 , 0.64, 0.58, 0.52, 0.46, 0.4 ,
       0.34, 0.28, 0.22, 0.16, 0.1 ]),
 'SNR': [-10, -7, -4, 0, 3, 6, 9, 12, 15, 18, 21],
 'Symbol_len': 128,
 'Symbol_num': 1,
 'matmul_method': 'Mithral-Split8-nct4096-ExactDFT',
 'ncentroids': 4096,
 'ncodebooks': 32,
 'qAry': 2}
matmul_method: Mithral

BER:
2.5039e-01 1.7822e-01 1.2036e-01 5.4578e-02 3.1606e-02 1.6704e-02 9.1062e-03 5.0408e-03 2.7327e-03 1.8015e-03 1.2769e-03

FER:
1.0000e+00 1.0000e+00 1.0000e+00 1.0000e+00 9.9010e-01 9.5238e-01 8.0775e-01 6.1275e-01 4.1841e-01 3.2342e-01 2.4178e-01

NMSE_dft:
7.1758e-32 7.4153e-32 7.2670e-32 7.4507e-32 7.2733e-32 7.2189e-32 7.4072e-32 7.3228e-32 7.3537e-32 7.2936e-32 7.3779e-32

NMSE_idft:
1.0991e-02 5.2030e-03 3.6345e-03 3.0461e-03 2.8419e-03 2.8507e-03 2.8677e-03 2.7775e-03 2.8352e-03 2.8072e-03 2.8105e-03

H_NMSE:
9.5952e-03 4.8200e-03 3.4715e-03 2.9305e-03 2.7354e-03 2.7629e-03 2.7532e-03 2.6915e-03 2.7273e-03 2.7146e-03 2.7152e-03

rawH_NMSE:
1.8464e-01 9.4461e-02 5.1330e-02 2.1301e-02 1.2060e-02 7.6753e-03 5.0656e-03 3.8839e-03 3.3177e-03 3.0004e-03 2.8568e-03
stop at 20220919-181638
