start at 20221005-210154
params:
{'Encode_method': None,
 'ErrorFrame': 500,
 'L': 16,
 'Ncarrier': 128,
 'Nifft': 128,
 'PathGain': array([1.  , 0.94, 0.88, 0.82, 0.76, 0.7 , 0.64, 0.58, 0.52, 0.46, 0.4 ,
       0.34, 0.28, 0.22, 0.16, 0.1 ]),
 'SNR': [-10, -7, -4, 0, 3, 6, 9, 12, 15, 18, 21],
 'Symbol_len': 128,
 'Symbol_num': 1,
 'matmul_method': 'MAD-IDFT(K=16,C=256)',
 'ncentroids': 16,
 'ncodebooks': 256,
 'qAry': 2}
matmul_method: Mithral

BER:
2.4706e-01	1.7554e-01	1.1531e-01	5.6172e-02	2.9624e-02	1.6844e-02	8.8711e-03	4.7470e-03	2.7982e-03	1.6378e-03	1.2304e-03

FER:
1.0000e+00 1.0000e+00 1.0000e+00 1.0000e+00 9.8619e-01 9.3985e-01 7.9239e-01 5.9453e-01 4.4883e-01 3.0694e-01 2.3935e-01

NMSE_dft:
5.5860e-32 5.6006e-32 5.6158e-32 5.6455e-32 5.6719e-32 5.6129e-32 5.7485e-32 5.6380e-32 5.6926e-32 5.6565e-32 5.6669e-32

NMSE_idft:
1.0065e-02 4.6546e-03 3.4149e-03 2.7774e-03 2.5667e-03 2.5468e-03 2.4189e-03 2.4087e-03 2.4635e-03 2.4656e-03 2.3742e-03

H_NMSE:
4.0467e-02 2.1275e-02 1.2150e-02 6.6884e-03 4.3235e-03 3.4242e-03 2.8045e-03 2.5436e-03 2.4948e-03 2.4238e-03 2.3191e-03

rawH_NMSE:
1.5310e-01 8.0786e-02 4.2824e-02 1.8953e-02 1.0316e-02 6.5057e-03 4.3024e-03 3.3116e-03 2.8595e-03 2.6141e-03 2.4071e-03
stop at 20221005-211002
