start at 20220812-203718
params:
{'Encode_method': None,
 'ErrorFrame': 500,
 'L': 16,
 'Ncarrier': 128,
 'Nifft': 128,
 'PathGain': array([1.  , 0.94, 0.88, 0.82, 0.76, 0.7 , 0.64, 0.58, 0.52, 0.46, 0.4 ,
       0.34, 0.28, 0.22, 0.16, 0.1 ]),
 'SNR': [-10, -7, -4, 0, 3, 6, 9, 12, 15, 18, 21],
 'Symbol_len': 128,
 'Symbol_num': 1,
 'matmul_method': 'PQ-nct256-ncd32',
 'ncentroids': 256,
 'ncodebooks': 32,
 'qAry': 2}
matmul_method: PQ

BER:
2.5295e-01 1.8070e-01 1.2163e-01 6.7969e-02 4.3008e-02 3.1737e-02 2.3234e-02 2.0875e-02 1.8656e-02 1.8033e-02 1.7087e-02

FER:
1.0000e+00 1.0000e+00 1.0000e+00 1.0000e+00 9.9602e-01 9.9010e-01 9.6525e-01 9.3985e-01 9.2593e-01 9.3110e-01 9.1743e-01

NMSE_dft:
3.0005e-02 2.4460e-02 2.1611e-02 2.0688e-02 1.9961e-02 1.9712e-02 2.0102e-02 1.9667e-02 1.9496e-02 1.9544e-02 1.9670e-02

NMSE_idft:
5.4178e-02 3.4821e-02 2.7638e-02 2.3355e-02 2.2035e-02 2.1728e-02 2.1410e-02 2.0956e-02 2.0490e-02 2.0713e-02 2.0450e-02

H_NMSE:
7.1776e-02 5.1934e-02 4.4534e-02 4.0262e-02 3.8988e-02 3.9560e-02 3.9443e-02 3.8493e-02 3.7920e-02 3.7972e-02 3.8525e-02

rawH_NMSE:
1.7769e-01 1.0916e-01 7.5598e-02 5.3928e-02 4.5669e-02 4.3247e-02 4.1342e-02 3.9376e-02 3.8397e-02 3.8273e-02 3.8653e-02
stop at 20220812-204153
