start at 20221005-205614
params:
{'Encode_method': None,
 'ErrorFrame': 500,
 'L': 16,
 'Ncarrier': 128,
 'Nifft': 128,
 'PathGain': array([1.  , 0.94, 0.88, 0.82, 0.76, 0.7 , 0.64, 0.58, 0.52, 0.46, 0.4 ,
       0.34, 0.28, 0.22, 0.16, 0.1 ]),
 'SNR': [-10, -7, -4, 0, 3, 6, 9, 12, 15, 18, 21],
 'Symbol_len': 128,
 'Symbol_num': 1,
 'matmul_method': 'PQ-IDFT(K=16,C=256)',
 'ncentroids': 16,
 'ncodebooks': 256,
 'qAry': 2}
matmul_method: PQ

BER:
2.4684e-01 1.7899e-01 1.1639e-01 5.7453e-02 3.3800e-02 2.0685e-02 1.1934e-02 8.3640e-03 6.7001e-03 6.2238e-03 4.7917e-03

FER:
1.0000e+00 1.0000e+00 1.0000e+00 1.0000e+00 9.9800e-01 9.6525e-01 8.3333e-01 7.3529e-01 6.5617e-01 5.5866e-01 5.1282e-01

NMSE_dft:
5.5430e-32 5.6310e-32 5.7024e-32 5.6998e-32 5.7061e-32 5.7040e-32 5.7053e-32 5.6841e-32 5.6714e-32 5.7793e-32 5.7170e-32

NMSE_idft:
2.0177e-02 1.4251e-02 1.2448e-02 1.1650e-02 1.1799e-02 1.1644e-02 1.1661e-02 1.1625e-02 1.1622e-02 1.1413e-02 1.1492e-02

H_NMSE:
4.9083e-02 3.0558e-02 2.0677e-02 1.4790e-02 1.3157e-02 1.2030e-02 1.1536e-02 1.1227e-02 1.1188e-02 1.0909e-02 1.0926e-02

rawH_NMSE:
1.5558e-01 8.7114e-02 4.9586e-02 2.6319e-02 1.9113e-02 1.4922e-02 1.2982e-02 1.1958e-02 1.1579e-02 1.1097e-02 1.1024e-02
stop at 20221005-205753
