start at 20220919-162819
params:
{'Encode_method': None,
 'ErrorFrame': 500,
 'L': 16,
 'Ncarrier': 128,
 'Nifft': 128,
 'PathGain': array([1.  , 0.94, 0.88, 0.82, 0.76, 0.7 , 0.64, 0.58, 0.52, 0.46, 0.4 ,
       0.34, 0.28, 0.22, 0.16, 0.1 ]),
 'SNR': [-10, -7, -4, 0, 3, 6, 9, 12, 15, 18, 21],
 'Symbol_len': 128,
 'Symbol_num': 1,
 'matmul_method': 'PQ-Split8-nct4096-ExactDFT',
 'ncentroids': 4096,
 'ncodebooks': 32,
 'qAry': 2}
matmul_method: PQ

BER:
2.5030e-01 1.7833e-01 1.1711e-01 5.8641e-02 3.3681e-02 2.0277e-02 1.2522e-02 8.2088e-03 7.1027e-03 5.3013e-03 5.2967e-03

FER:
1.0000e+00 1.0000e+00 1.0000e+00 1.0000e+00 9.9404e-01 9.5420e-01 8.6356e-01 7.2464e-01 6.3532e-01 5.4113e-01 4.9164e-01

NMSE_dft:
7.1619e-32 7.2572e-32 7.3170e-32 7.3033e-32 7.2689e-32 7.2296e-32 7.3238e-32 7.2639e-32 7.3548e-32 7.3944e-32 7.3481e-32

NMSE_idft:
1.2871e-02 1.0798e-02 1.1078e-02 1.1187e-02 1.1394e-02 1.1458e-02 1.1477e-02 1.1409e-02 1.1693e-02 1.1490e-02 1.1406e-02

H_NMSE:
1.1774e-02 1.0326e-02 1.0676e-02 1.0866e-02 1.1050e-02 1.1144e-02 1.1168e-02 1.1072e-02 1.1386e-02 1.1163e-02 1.1078e-02

rawH_NMSE:
1.9501e-01 1.0658e-01 5.8943e-02 3.0192e-02 2.0814e-02 1.5977e-02 1.3697e-02 1.2317e-02 1.1976e-02 1.1429e-02 1.1219e-02
stop at 20220919-171755
