start at 20221005-213006
params:
{'Encode_method': None,
 'ErrorFrame': 500,
 'L': 16,
 'Ncarrier': 128,
 'Nifft': 128,
 'PathGain': array([1.  , 0.94, 0.88, 0.82, 0.76, 0.7 , 0.64, 0.58, 0.52, 0.46, 0.4 ,
       0.34, 0.28, 0.22, 0.16, 0.1 ]),
 'SNR': [-10, -7, -4, 0, 3, 6, 9, 12, 15, 18, 21],
 'Symbol_len': 128,
 'Symbol_num': 1,
 'matmul_method': 'PQ-nct4096-ncd256-ExactDFT',
 'ncentroids': 4096,
 'ncodebooks': 256,
 'qAry': 2}
matmul_method: PQ

BER:
2.4930e-01 1.7605e-01 1.1852e-01 5.7268e-02 3.0331e-02 1.8814e-02 1.1454e-02 8.0931e-03 5.6152e-03 4.8818e-03 3.9062e-03

FER:
1.0000e+00 1.0000e+00 1.0000e+00 9.9800e-01 9.8814e-01 9.3633e-01 8.2508e-01 7.1839e-01 5.7870e-01 4.9358e-01 4.2845e-01

NMSE_dft:
5.6001e-32 5.6204e-32 5.6027e-32 5.6042e-32 5.6719e-32 5.6116e-32 5.6838e-32 5.6352e-32 5.6951e-32 5.6578e-32 5.6879e-32

NMSE_idft:
1.0830e-02 9.3378e-03 9.4458e-03 9.4482e-03 9.2887e-03 9.4672e-03 9.5310e-03 9.6350e-03 9.5145e-03 9.6308e-03 9.4346e-03

H_NMSE:
4.1137e-02 2.6383e-02 1.7984e-02 1.2925e-02 1.0888e-02 1.0053e-02 9.6410e-03 9.5710e-03 9.3213e-03 9.3718e-03 9.1039e-03

rawH_NMSE:
1.6210e-01 8.5834e-02 4.8005e-02 2.4609e-02 1.6547e-02 1.3084e-02 1.1080e-02 1.0264e-02 9.6886e-03 9.5460e-03 9.2039e-03
stop at 20221005-223058
