start at 20221013-005239
params:
{'Encode_method': None,
 'ErrorFrame': 20,
 'L': 16,
 'Ncarrier': 128,
 'Nifft': 128,
 'PathGain': array([1.  , 0.94, 0.88, 0.82, 0.76, 0.7 , 0.64, 0.58, 0.52, 0.46, 0.4 ,
       0.34, 0.28, 0.22, 0.16, 0.1 ]),
 'SNR': array([-20. , -17.5, -15. , -12.5, -10. ,  -7.5,  -5. ,  -2.5,   0. ,
         2.5,   5. ,   7.5,  10. ]),
 'Symbol_len': 128,
 'Symbol_num': 1,
 'TestFrame': 2000,
 'ldpc_rate': 0.5,
 'matmul_method': 'Exact',
 'ncentroids': 16,
 'ncodebooks': 256,
 'qAry': 2}
matmul_method: Exact

BER:
2.5308e-01 2.3067e-01 2.1628e-01 1.8832e-01 1.5584e-01 1.3795e-01 3.9955e-02 5.0826e-03 1.6414e-04 0.0000e+00 0.0000e+00 0.0000e+00 0.0000e+00

FER:
1.0526e+00 1.0526e+00 1.0526e+00 1.0526e+00 1.0526e+00 1.0526e+00 5.7143e-01 7.7220e-02 2.0010e-03 0.0000e+00 0.0000e+00 0.0000e+00 0.0000e+00

NMSE_dft:
0.0000e+00 0.0000e+00 0.0000e+00 0.0000e+00 0.0000e+00 0.0000e+00 0.0000e+00 0.0000e+00 0.0000e+00 0.0000e+00 0.0000e+00 0.0000e+00 0.0000e+00

NMSE_idft:
0.0000e+00 0.0000e+00 0.0000e+00 0.0000e+00 0.0000e+00 0.0000e+00 0.0000e+00 0.0000e+00 0.0000e+00 0.0000e+00 0.0000e+00 0.0000e+00 0.0000e+00

H_NMSE:
0.0000e+00 0.0000e+00 0.0000e+00 0.0000e+00 0.0000e+00 0.0000e+00 0.0000e+00 0.0000e+00 0.0000e+00 0.0000e+00 0.0000e+00 0.0000e+00 0.0000e+00

rawH_NMSE:
1.6317e+00 9.6495e-01 5.5245e-01 2.6588e-01 1.5761e-01 1.0194e-01 4.7313e-02 2.6539e-02 1.5444e-02 8.5485e-03 4.8753e-03 2.7309e-03 1.5358e-03
stop at 20221013-030542
