start at 20220812-203233
params:
{'Encode_method': None,
 'ErrorFrame': 500,
 'L': 16,
 'Ncarrier': 128,
 'Nifft': 128,
 'PathGain': array([1.  , 0.94, 0.88, 0.82, 0.76, 0.7 , 0.64, 0.58, 0.52, 0.46, 0.4 ,
       0.34, 0.28, 0.22, 0.16, 0.1 ]),
 'SNR': [-10, -7, -4, 0, 3, 6, 9, 12, 15, 18, 21],
 'Symbol_len': 128,
 'Symbol_num': 1,
 'matmul_method': 'Mithral',
 'ncentroids': 256,
 'ncodebooks': 32,
 'qAry': 2}
matmul_method: Mithral

BER:
2.9883e-01 2.3255e-01 1.7273e-01 1.1734e-01 8.9445e-02 7.3031e-02 6.3547e-02 6.3516e-02 5.9781e-02 5.7359e-02 5.9498e-02

FER:
1.0000e+00 1.0000e+00 1.0000e+00 1.0000e+00 1.0000e+00 1.0000e+00 1.0000e+00 1.0000e+00 1.0000e+00 1.0000e+00 9.9800e-01

NMSE_dft:
1.0237e-01 1.0084e-01 9.8563e-02 9.8832e-02 9.5518e-02 9.6966e-02 9.6537e-02 9.7919e-02 9.6364e-02 9.4737e-02 9.7160e-02

NMSE_idft:
5.3515e-01 3.1612e-01 2.0419e-01 1.3506e-01 1.0775e-01 9.2882e-02 8.5166e-02 8.3200e-02 8.2357e-02 7.9253e-02 7.8076e-02

H_NMSE:
3.8391e-01 3.0100e-01 2.4484e-01 2.0075e-01 1.7845e-01 1.6489e-01 1.5941e-01 1.5949e-01 1.5724e-01 1.5406e-01 1.5437e-01

rawH_NMSE:
4.5872e-01 3.4642e-01 2.7120e-01 2.1185e-01 1.8360e-01 1.6741e-01 1.6034e-01 1.6009e-01 1.5754e-01 1.5415e-01 1.5440e-01
stop at 20220812-203547
