start at 20220815-195738
params:
{'Encode_method': None,
 'ErrorFrame': 500,
 'L': 16,
 'Ncarrier': 128,
 'Nifft': 128,
 'PathGain': array([1.  , 0.94, 0.88, 0.82, 0.76, 0.7 , 0.64, 0.58, 0.52, 0.46, 0.4 ,
       0.34, 0.28, 0.22, 0.16, 0.1 ]),
 'SNR': [-10, -7, -4, 0, 3, 6, 9, 12, 15, 18, 21],
 'Symbol_len': 128,
 'Symbol_num': 1,
 'matmul_method': 'MithralIDFTSplit4-ncodebooks16',
 'ncentroids': 256,
 'ncodebooks': 16,
 'qAry': 2}
matmul_method: Mithral

BER:
3.0491e-01 2.4234e-01 1.9066e-01 1.4353e-01 1.2427e-01 1.1464e-01 1.0594e-01 1.0648e-01 1.0263e-01 1.0616e-01 1.1495e-01

FER:
1.0000e+00 1.0000e+00 1.0000e+00 1.0000e+00 1.0000e+00 1.0000e+00 1.0000e+00 1.0000e+00 1.0000e+00 1.0000e+00 1.0000e+00

NMSE_dft:
2.9672e-01 2.9267e-01 3.0248e-01 2.9877e-01 2.9943e-01 2.9954e-01 2.9198e-01 3.0954e-01 3.0785e-01 3.0673e-01 3.0538e-01

NMSE_idft:
3.1514e-01 1.6912e-01 9.9197e-02 5.4327e-02 4.1461e-02 3.4180e-02 3.0740e-02 2.8062e-02 2.8109e-02 2.7570e-02 2.6540e-02

H_NMSE:
3.9768e-01 3.3275e-01 2.9270e-01 2.6335e-01 2.5601e-01 2.5103e-01 2.4304e-01 2.4907e-01 2.5012e-01 2.4677e-01 2.5060e-01

rawH_NMSE:
4.7651e-01 3.7689e-01 3.1695e-01 2.7517e-01 2.6095e-01 2.5381e-01 2.4449e-01 2.4968e-01 2.5026e-01 2.4700e-01 2.5060e-01
stop at 20220815-200036
