start at 20220815-194426
params:
{'Encode_method': None,
 'ErrorFrame': 500,
 'L': 16,
 'Ncarrier': 128,
 'Nifft': 128,
 'PathGain': array([1.  , 0.94, 0.88, 0.82, 0.76, 0.7 , 0.64, 0.58, 0.52, 0.46, 0.4 ,
       0.34, 0.28, 0.22, 0.16, 0.1 ]),
 'SNR': [-10, -7, -4, 0, 3, 6, 9, 12, 15, 18, 21],
 'Symbol_len': 128,
 'Symbol_num': 1,
 'matmul_method': 'MithralIDFTSplit8-ncodebooks16',
 'ncentroids': 256,
 'ncodebooks': 16,
 'qAry': 2}
matmul_method: Mithral

BER:
2.8953e-01 2.3140e-01 1.8245e-01 1.3854e-01 1.2077e-01 1.1001e-01 1.0833e-01 1.0398e-01 1.0488e-01 1.0287e-01 1.1200e-01

FER:
1.0000e+00 1.0000e+00 1.0000e+00 1.0000e+00 1.0000e+00 1.0000e+00 1.0000e+00 1.0000e+00 1.0000e+00 1.0000e+00 1.0000e+00

NMSE_dft:
3.0679e-01 3.0059e-01 2.9813e-01 2.9875e-01 3.0755e-01 3.0543e-01 3.1199e-01 3.0182e-01 3.0009e-01 3.0038e-01 3.0094e-01

NMSE_idft:
1.3054e-01 6.3695e-02 3.4066e-02 1.8590e-02 1.3782e-02 1.1903e-02 1.1193e-02 1.0355e-02 1.0072e-02 1.0072e-02 1.0139e-02

H_NMSE:
3.0062e-01 2.6981e-01 2.5296e-01 2.4034e-01 2.3680e-01 2.3683e-01 2.4074e-01 2.3537e-01 2.3226e-01 2.3251e-01 2.3581e-01

rawH_NMSE:
3.7732e-01 3.1563e-01 2.7701e-01 2.5262e-01 2.4260e-01 2.3960e-01 2.4225e-01 2.3614e-01 2.3260e-01 2.3277e-01 2.3601e-01
stop at 20220815-194811
