start at 20220905-003440
params:
{'Encode_method': None,
 'ErrorFrame': 500,
 'L': 16,
 'Ncarrier': 128,
 'Nifft': 128,
 'PathGain': array([1.  , 0.94, 0.88, 0.82, 0.76, 0.7 , 0.64, 0.58, 0.52, 0.46, 0.4 ,
       0.34, 0.28, 0.22, 0.16, 0.1 ]),
 'SNR': [-10, -7, -4, 0, 3, 6, 9, 12, 15, 18, 21],
 'Symbol_len': 128,
 'Symbol_num': 1,
 'matmul_method': 'PQ-4096-exact idft',
 'ncentroids': 4096,
 'ncodebooks': 32,
 'qAry': 2}
matmul_method: PQ

BER:
2.4416e-01 1.7737e-01 1.1542e-01 6.1109e-02 3.6958e-02 2.2756e-02 1.4545e-02 1.0482e-02 9.1294e-03 7.6290e-03 7.2692e-03

FER:
1.0000e+00 1.0000e+00 1.0000e+00 1.0000e+00 9.9404e-01 9.6899e-01 9.1575e-01 8.4175e-01 8.1037e-01 7.5758e-01 7.3206e-01

NMSE_dft:
3.3810e-02 2.1938e-02 1.6602e-02 1.5328e-02 1.5937e-02 1.6567e-02 1.6464e-02 1.6572e-02 1.6188e-02 1.6509e-02 1.6802e-02

NMSE_idft:
2.0979e-31 2.1380e-31 2.0394e-31 1.9991e-31 2.0402e-31 2.0106e-31 1.9945e-31 1.9328e-31 2.0167e-31 2.0631e-31 2.0172e-31

H_NMSE:
3.0547e-02 2.0358e-02 1.5433e-02 1.4356e-02 1.4864e-02 1.5198e-02 1.5296e-02 1.5425e-02 1.5048e-02 1.5370e-02 1.5619e-02

rawH_NMSE:
1.6580e-01 9.1733e-02 5.4034e-02 3.1541e-02 2.4043e-02 2.0107e-02 1.7766e-02 1.6611e-02 1.5715e-02 1.5706e-02 1.5791e-02
stop at 20220905-010957
