start at 20220812-210400
params:
{'Encode_method': None,
 'ErrorFrame': 500,
 'L': 16,
 'Ncarrier': 128,
 'Nifft': 128,
 'PathGain': array([1.  , 0.94, 0.88, 0.82, 0.76, 0.7 , 0.64, 0.58, 0.52, 0.46, 0.4 ,
       0.34, 0.28, 0.22, 0.16, 0.1 ]),
 'SNR': [-10, -7, -4, 0, 3, 6, 9, 12, 15, 18, 21],
 'Symbol_len': 128,
 'Symbol_num': 1,
 'matmul_method': 'ScalarQuantize',
 'ncentroids': 256,
 'ncodebooks': 32,
 'qAry': 2}
matmul_method: ScalarQuantize

BER:
2.4984e-01 1.7940e-01 1.1494e-01 5.6883e-02 3.0393e-02 1.5417e-02 8.3124e-03 4.1724e-03 2.1062e-03 1.1327e-03 6.8818e-04

FER:
1.0000e+00 1.0000e+00 1.0000e+00 1.0000e+00 9.8814e-01 9.1912e-01 7.8989e-01 5.7737e-01 3.5945e-01 2.2512e-01 1.3982e-01

NMSE_dft:
1.6587e-04 1.7200e-04 1.7251e-04 1.7225e-04 1.7444e-04 1.7582e-04 1.7439e-04 1.7494e-04 1.7360e-04 1.7460e-04 1.7454e-04

NMSE_idft:
2.6837e-04 2.1043e-04 1.7366e-04 1.4659e-04 1.3651e-04 1.2998e-04 1.2641e-04 1.2440e-04 1.2403e-04 1.2379e-04 1.2382e-04

H_NMSE:
5.0930e-04 4.5472e-04 4.1327e-04 3.8563e-04 3.7808e-04 3.6765e-04 3.6716e-04 3.6235e-04 3.6030e-04 3.6085e-04 3.6144e-04

rawH_NMSE:
1.8453e-01 9.5908e-02 4.7092e-02 1.9466e-02 9.8410e-03 5.1170e-03 2.7408e-03 1.5491e-03 9.6089e-04 6.5954e-04 5.1404e-04
stop at 20220812-210620
