start at 20220814-132740
params:
{'Encode_method': None,
 'ErrorFrame': 500,
 'L': 16,
 'Ncarrier': 128,
 'Nifft': 128,
 'PathGain': array([1.  , 0.94, 0.88, 0.82, 0.76, 0.7 , 0.64, 0.58, 0.52, 0.46, 0.4 ,
       0.34, 0.28, 0.22, 0.16, 0.1 ]),
 'SNR': [-10, -7, -4, 0, 3, 6, 9, 12, 15, 18, 21],
 'Symbol_len': 128,
 'Symbol_num': 1,
 'matmul_method': 'PQ-Split4',
 'ncentroids': 256,
 'ncodebooks': 32,
 'qAry': 2}
matmul_method: PQ

BER:
2.5256e-01 1.8302e-01 1.2326e-01 6.7328e-02 4.7219e-02 3.1374e-02 2.4057e-02 2.1738e-02 1.8763e-02 1.7238e-02 1.7998e-02

FER:
1.0000e+00 1.0000e+00 1.0000e+00 1.0000e+00 1.0000e+00 9.9010e-01 9.5602e-01 9.2937e-01 9.2764e-01 9.0580e-01 8.8028e-01

NMSE_dft:
4.1386e-02 2.9144e-02 2.3681e-02 2.0320e-02 2.0609e-02 2.0040e-02 1.9770e-02 1.9634e-02 1.9428e-02 1.9869e-02 1.9673e-02

NMSE_idft:
3.8859e-02 2.8508e-02 2.4206e-02 2.0932e-02 2.0194e-02 1.9936e-02 2.0187e-02 1.9728e-02 1.9931e-02 1.9667e-02 1.9458e-02

H_NMSE:
6.7049e-02 5.0516e-02 4.3628e-02 3.9002e-02 3.9335e-02 3.8959e-02 3.9406e-02 3.9241e-02 3.9320e-02 3.9065e-02 3.9218e-02

rawH_NMSE:
1.8200e-01 1.1222e-01 7.7260e-02 5.2909e-02 4.6832e-02 4.3049e-02 4.1311e-02 4.0176e-02 3.9868e-02 3.9244e-02 3.9407e-02
stop at 20220814-133518
