start at 20220812-170727
params:
{'Encode_method': None,
 'ErrorFrame': 500,
 'L': 16,
 'Ncarrier': 128,
 'Nifft': 128,
 'PathGain': array([1.  , 0.94, 0.88, 0.82, 0.76, 0.7 , 0.64, 0.58, 0.52, 0.46, 0.4 ,
       0.34, 0.28, 0.22, 0.16, 0.1 ]),
 'SNR': [0, 3, 6, 9, 12, 15, 18, 21],
 'Symbol_len': 128,
 'Symbol_num': 1,
 'matmul_method': 'Bolt-ncentroids256',
 'ncentroids': 256,
 'ncodebooks': 32,
 'qAry': 2}
matmul_method: Bolt

BER:
6.5336e-02 4.3803e-02 2.9587e-02 2.3612e-02 1.9575e-02 1.7923e-02 1.7154e-02 1.7192e-02

FER:
1.0000e+00 9.9800e-01 9.9010e-01 9.6899e-01 9.4340e-01 9.1912e-01 9.0580e-01 9.0744e-01

NMSE_dft:
1.9930e-02 2.0084e-02 1.9364e-02 1.9383e-02 1.9673e-02 1.9215e-02 1.9471e-02 1.9234e-02

NMSE_idft:
2.2826e-02 2.2631e-02 2.1432e-02 2.1161e-02 2.1061e-02 2.1069e-02 2.0886e-02 2.0609e-02

H_NMSE:
3.9925e-02 3.9907e-02 3.8041e-02 3.8573e-02 3.8765e-02 3.7929e-02 3.8497e-02 3.7951e-02

rawH_NMSE:
5.3078e-02 4.7204e-02 4.1731e-02 4.0332e-02 3.9749e-02 3.8300e-02 3.8769e-02 3.8107e-02
stop at 20220812-171104
