start at 20220812-182826
params:
{'Encode_method': None,
 'ErrorFrame': 500,
 'L': 16,
 'Ncarrier': 128,
 'Nifft': 128,
 'PathGain': array([1.  , 0.94, 0.88, 0.82, 0.76, 0.7 , 0.64, 0.58, 0.52, 0.46, 0.4 ,
       0.34, 0.28, 0.22, 0.16, 0.1 ]),
 'SNR': [0, 3, 6, 9, 12, 15, 18, 21],
 'Symbol_len': 128,
 'Symbol_num': 1,
 'matmul_method': 'Bolt-ncentroids16',
 'ncentroids': 16,
 'ncodebooks': 32,
 'qAry': 2}
matmul_method: Bolt

BER:
9.6234e-02 7.6664e-02 6.0648e-02 5.6535e-02 5.2356e-02 5.1124e-02 5.1655e-02 5.3125e-02

FER:
1.0000e+00 1.0000e+00 1.0000e+00 9.9800e-01 9.9800e-01 9.9800e-01 9.9800e-01 1.0000e+00

NMSE_dft:
6.9663e-02 6.9789e-02 6.9019e-02 6.9820e-02 6.9394e-02 6.9358e-02 6.6976e-02 6.8713e-02

NMSE_idft:
1.2719e-01 1.2253e-01 1.1808e-01 1.1893e-01 1.1564e-01 1.1688e-01 1.1695e-01 1.1796e-01

H_NMSE:
1.4105e-01 1.3850e-01 1.3467e-01 1.3599e-01 1.3404e-01 1.3487e-01 1.3337e-01 1.3500e-01

rawH_NMSE:
1.4950e-01 1.4203e-01 1.3668e-01 1.3709e-01 1.3462e-01 1.3508e-01 1.3333e-01 1.3499e-01
stop at 20220812-182946
