start at 20220812-170439
params:
{'Encode_method': None,
 'ErrorFrame': 500,
 'L': 16,
 'Ncarrier': 128,
 'Nifft': 128,
 'PathGain': array([1.  , 0.94, 0.88, 0.82, 0.76, 0.7 , 0.64, 0.58, 0.52, 0.46, 0.4 ,
       0.34, 0.28, 0.22, 0.16, 0.1 ]),
 'SNR': [0, 3, 6, 9, 12, 15, 18, 21],
 'Symbol_len': 128,
 'Symbol_num': 1,
 'matmul_method': 'ScalarQuantize',
 'ncentroids': 256,
 'ncodebooks': 32,
 'qAry': 2}
matmul_method: ScalarQuantize

BER:
5.4805e-02 3.0964e-02 1.6335e-02 8.1737e-03 4.5025e-03 2.1764e-03 1.2472e-03 7.0829e-04

FER:
1.0000e+00 9.9010e-01 9.1743e-01 7.8370e-01 6.0096e-01 3.6179e-01 2.4789e-01 1.5161e-01

NMSE_dft:
4.2889e-04 4.3187e-04 4.2430e-04 4.2730e-04 4.3835e-04 4.3254e-04 4.3703e-04 4.3372e-04

NMSE_idft:
8.2782e-05 7.8644e-05 7.4595e-05 7.3185e-05 7.2063e-05 7.0672e-05 7.1446e-05 7.1080e-05

H_NMSE:
5.0335e-04 5.0212e-04 4.9425e-04 4.9883e-04 5.0644e-04 4.9847e-04 5.0418e-04 5.0053e-04

rawH_NMSE:
1.8276e-02 1.0237e-02 5.2724e-03 2.9049e-03 1.6850e-03 1.0913e-03 8.0498e-04 6.4845e-04
stop at 20220812-170655
