start at 20221013-201247
params:
{'Encode_method': None,
 'ErrorFrame': 20,
 'L': 16,
 'Ncarrier': 128,
 'Nifft': 128,
 'PathGain': array([1.  , 0.94, 0.88, 0.82, 0.76, 0.7 , 0.64, 0.58, 0.52, 0.46, 0.4 ,
       0.34, 0.28, 0.22, 0.16, 0.1 ]),
 'SNR': array([-20. , -17.5, -15. , -12.5, -10. ,  -7.5,  -5. ,  -2.5,   0. ,
         2.5,   5. ,   7.5,  10. ]),
 'Symbol_len': 128,
 'Symbol_num': 1,
 'TestFrame': 2000,
 'ldpc_rate': 0.5,
 'matmul_method': 'MAD-LDPC-IDFT(K=16,C=64)',
 'ncentroids': 16,
 'ncodebooks': 64,
 'qAry': 2}
matmul_method: Mithral

BER:
2.4609e-01 2.3355e-01 2.2636e-01 1.9757e-01 1.7414e-01 1.1945e-01 7.1214e-02 1.3972e-02 7.7572e-04 1.3679e-04 0.0000e+00 0.0000e+00 0.0000e+00

FER:
1.0526e+00 1.0526e+00 1.0526e+00 1.0526e+00 1.0526e+00 1.0526e+00 7.6923e-01 1.9231e-01 1.0106e-02 1.5008e-03 0.0000e+00 0.0000e+00 0.0000e+00

NMSE_dft:
5.3573e-32 5.6765e-32 5.3374e-32 5.7259e-32 5.8419e-32 6.1037e-32 5.7295e-32 5.8909e-32 5.6878e-32 5.7048e-32 5.7573e-32 5.7301e-32 5.7417e-32

NMSE_idft:
2.0701e+00 1.3556e+00 8.2635e-01 5.3179e-01 3.3194e-01 1.7559e-01 9.4643e-02 6.9792e-02 4.8947e-02 3.8304e-02 3.1988e-02 2.8980e-02 2.6870e-02

H_NMSE:
6.3109e-01 5.2881e-01 4.5885e-01 3.4284e-01 2.4354e-01 1.5042e-01 9.2402e-02 6.8025e-02 4.8494e-02 3.7859e-02 3.1221e-02 2.8158e-02 2.5773e-02

rawH_NMSE:
1.0841e+00 8.5791e-01 7.2020e-01 4.5715e-01 3.3102e-01 1.9580e-01 1.2556e-01 8.5995e-02 5.9440e-02 4.4277e-02 3.4612e-02 3.0205e-02 2.6836e-02
stop at 20221013-220938
