start at 20221013-223633
params:
{'Encode_method': None,
 'ErrorFrame': 20,
 'L': 16,
 'Ncarrier': 128,
 'Nifft': 128,
 'PathGain': array([1.  , 0.94, 0.88, 0.82, 0.76, 0.7 , 0.64, 0.58, 0.52, 0.46, 0.4 ,
       0.34, 0.28, 0.22, 0.16, 0.1 ]),
 'SNR': array([-20. , -17.5, -15. , -12.5, -10. ,  -7.5,  -5. ,  -2.5,   0. ,
         2.5,   5. ,   7.5,  10. ]),
 'Symbol_len': 128,
 'Symbol_num': 1,
 'TestFrame': 2000,
 'ldpc_rate': 0.5,
 'matmul_method': 'PQ-LDPC-IDFT(K=16,C=64)',
 'ncentroids': 16,
 'ncodebooks': 64,
 'qAry': 2}
matmul_method: PQ

BER:
2.4054e-01 2.3026e-01 2.1854e-01 1.9408e-01 1.4988e-01 1.2336e-01 3.5041e-02 8.6776e-03 8.1276e-04 0.0000e+00 0.0000e+00 0.0000e+00 0.0000e+00

FER:
1.0526e+00 1.0526e+00 1.0526e+00 1.0526e+00 1.0526e+00 1.0526e+00 5.8824e-01 1.3423e-01 1.1689e-02 0.0000e+00 0.0000e+00 0.0000e+00 0.0000e+00

NMSE_dft:
5.8135e-32 5.8413e-32 5.4526e-32 5.9789e-32 6.2712e-32 6.1464e-32 6.1927e-32 5.8388e-32 5.7262e-32 5.7581e-32 5.7913e-32 5.7639e-32 5.7725e-32

NMSE_idft:
5.8750e-01 2.7173e-01 2.0168e-01 1.2008e-01 8.2318e-02 6.5250e-02 4.6782e-02 4.2306e-02 3.8674e-02 3.7327e-02 3.5530e-02 3.5283e-02 3.5728e-02

H_NMSE:
3.6952e-01 2.4926e-01 2.1248e-01 1.3765e-01 9.0902e-02 6.9254e-02 4.8049e-02 4.0838e-02 3.5667e-02 3.3138e-02 3.1042e-02 3.0408e-02 3.0445e-02

rawH_NMSE:
8.8348e-01 6.9855e-01 5.0856e-01 3.0874e-01 1.7217e-01 1.2056e-01 6.9334e-02 5.6243e-02 4.5141e-02 3.8221e-02 3.3889e-02 3.2074e-02 3.1345e-02
stop at 20221014-002847
