start at 20220814-141447
params:
{'Encode_method': None,
 'ErrorFrame': 500,
 'L': 16,
 'Ncarrier': 128,
 'Nifft': 128,
 'PathGain': array([1.  , 0.94, 0.88, 0.82, 0.76, 0.7 , 0.64, 0.58, 0.52, 0.46, 0.4 ,
       0.34, 0.28, 0.22, 0.16, 0.1 ]),
 'SNR': [-10, -7, -4, 0, 3, 6, 9, 12, 15, 18, 21],
 'Symbol_len': 128,
 'Symbol_num': 1,
 'matmul_method': 'MithralSplit8',
 'ncentroids': 256,
 'ncodebooks': 16,
 'qAry': 2}
matmul_method: Mithral

BER:
2.9491e-01 2.3505e-01 1.8453e-01 1.3955e-01 1.2197e-01 1.1235e-01 1.0992e-01 1.0611e-01 1.0334e-01 1.0682e-01 1.1352e-01

FER:
1.0000e+00 1.0000e+00 1.0000e+00 1.0000e+00 1.0000e+00 1.0000e+00 1.0000e+00 1.0000e+00 1.0000e+00 1.0000e+00 1.0000e+00

NMSE_dft:
3.0657e-01 3.0188e-01 2.9226e-01 2.8954e-01 2.8686e-01 2.8856e-01 2.9043e-01 2.9088e-01 2.9330e-01 2.9113e-01 2.9056e-01

NMSE_idft:
1.7535e-01 9.6099e-02 5.9238e-02 3.6530e-02 2.9603e-02 2.6919e-02 2.6559e-02 2.4875e-02 2.4857e-02 2.4881e-02 2.4591e-02

H_NMSE:
3.1720e-01 2.8561e-01 2.6391e-01 2.4801e-01 2.4343e-01 2.4372e-01 2.4151e-01 2.3959e-01 2.4070e-01 2.4375e-01 2.4168e-01

rawH_NMSE:
3.9659e-01 3.2997e-01 2.8996e-01 2.5731e-01 2.4830e-01 2.4570e-01 2.4250e-01 2.4020e-01 2.4134e-01 2.4396e-01 2.4172e-01
stop at 20220814-141851
